xendo = [ 39.99693981 116.21951490  13.53056132  -9.88428986 171.87683750 118.92539995 235.10099235  26.34069252   0.53422068   0.06229350   4.28345157   3.88363794  76.41543852 ];
xmid  = [ 10.05463946  98.41251324  30.80092140   0.21021014 198.63726621 141.44596759 205.35152530  42.25373529   0.93475526   0.03209323   0.16977611   6.22377256  65.62297238 ];
xepi  = [ 16.50848934 107.89000395   7.66463006 -16.60142390 182.91148854 177.02625351 193.85009419  33.20938387   0.48490720   0.08964761  -2.21524324   2.80334982  86.55633016 ];
