xendo = [ 21.59243041  94.68293994  13.51973315 -19.99998579 155.23893404 199.99999998 103.34652781   4.09345501   0.00000292   0.02483597  -0.29852064  60.67223168 ];
xmid  = [  9.37693335  95.09805959   6.04893455 -15.85428898 106.19963150  52.90418387 322.35690555  12.32893265   0.27526674   0.01764984  -1.09819453  51.12593548 ];
xepi  = [  2.51033712  96.54730498  20.87318884 -10.96912037 128.10555575  84.40348401 280.20660447  16.72840535   0.27188024   0.00100001  -4.60149110  99.99999996 ];
