xendo = [  2.57198558 110.43395103  15.26752677 -26.53755768 143.72944801 199.99662111 257.47921111   2.18015392   0.00000000   0.00100000  -1.35822352 ];
xmid  = [  5.52976189 103.27385869   3.57960872  -2.29776035  85.47265911 147.38107377 449.79241056   3.92767862   0.18824202   0.00100000  -3.33907959 ];
xepi  = [  9.82205916 113.87385533   2.80945138  -9.46362772 127.39489293 200.00000000 151.17923920   7.56624511   0.00000007   0.00099994  -3.26457556 ];
