xendo = [  9.26495746 104.15237041   1.87626078 -13.99079703 147.59803592 199.99994371 256.18918466   2.64429686   0.00000097   0.00804754  -1.07612705   0.03000000 ];
xmid  = [  1.45575499 103.72292048   2.04420172  -0.04513883 117.38918763  86.20493727 449.99967702   4.41490553   0.00087123   0.01272445  -1.87920493   0.01000000 ];
xepi  = [ 12.58614806 119.72166384   1.89054422  -7.08862518 127.09151724 199.81392837 152.49654328   7.63305996   0.38261796   0.02719579   9.99996444   0.01797016 ];
