xendo = [  7.83164650  85.12767081   3.71611932 -24.48339155 136.88017895 199.99842692 259.45053163   2.17508525   0.00000000   0.00707862  -0.94344740 ];
xmid  = [  0.50794751 103.04760348   1.98155402  -0.03663088 121.36269221  81.45102680 449.94490442   4.67974780   0.00403162   0.01210912  -1.81045743 ];
xepi  = [  9.30817667 120.26003734   2.11667653  -9.06974190 127.24423934 199.80404607 152.18027010   9.16688306   0.06355979   0.00000000  -3.16914386 ];
fendo =   0.66561209 
fmid  =   0.42039304 
fepi  =   0.23676502 
