xendo = [  8.09105814  81.23157889   5.29074382 -22.43961420 135.20004107 199.99999842 263.50567116   2.14292296   0.00000000   0.00762661  -0.98978267 ];
xmid  = [  3.18259692 102.14065904   1.87460621  -0.00000249 109.39387938  99.81636806 449.68552477   4.40068704   0.00000000   0.01225892  -2.21735657 ];
xepi  = [ 11.47024383 119.97628754   1.87678553  -8.33683806 127.08995814 199.85802309 152.35620828   8.96011818   0.03733887   0.01757318  -1.37332736 ];
fendo =   0.66135970 
fmid  =   0.41908532 
fepi  =   0.31980278 
