xendo = [ 10.89061983  80.25574030   4.02888331  -2.67819261 141.60302808 190.08578255 256.45875264   3.18904856   0.00000000   0.02720452  -0.14707854 ];
xmid  = [  2.04125766 107.99314016   4.52047658 -11.88501196 143.59162087 153.35326864 362.52224058   4.08005268   1.00000000   0.00464190  -1.78483674 ];
xepi  = [  2.21894997 116.78073596  14.61366318 -41.42661126 145.85574896 199.93975612 316.27396858   4.06081274   0.99999870   0.00479993  -1.34760564 ];
fendo =   0.63510246 
fmid  =   0.38462825 
fepi  =   0.24002207 
