xendo = [ 14.18508162  83.91608927   1.87487003   0.00000000  50.44015347 137.30757859 147.45741113   3.82899694   0.00000000   0.05156944   2.03937648 ];
xmid  = [  4.56735947  85.83662588   1.90929023  -0.00000030 138.42542438 133.71568306 199.45896226   5.83371695   0.99999653   0.01544168  -0.99174215 ];
xepi  = [  6.01637280 118.70001978   7.42715049  -8.16341145 174.01393425 196.15292566 297.91551415   5.73139021   1.00000000   0.01434496  -1.61272693 ];
fendo =   0.63480186 
fmid  =   0.39374723 
fepi  =   0.30961052 
