xendo = [  9.47139406 103.94543379   3.02693660 -14.42171476 124.59902092 200.00000000 217.85137390   3.55916698   1.00000000   0.00952083  -0.83443369 ];
xmid  = [  2.69019631 103.39338792   1.96721484   0.00000000 119.85723340  80.90902639 449.88278733   5.21071824   1.00000000   0.01565723  -1.34902699 ];
xepi  = [ 18.62047670 117.09191537   2.63604176 -34.13232677 131.97853642 176.91700867 325.76223566   4.67243211   0.99742466   0.01710443  -0.54722008 ];
fendo =   0.56724865 
fmid  =   0.37922710 
fepi  =   0.34421352 
