xendo = [ 10.90891826  83.88123762   2.01863979 -26.16832912 138.47040912 199.99728572 260.16613932   2.05128130   0.43744594   0.00839830  -0.64689969 ];
xmid  = [  2.56458645 102.93188868   2.57564860  -0.00165603 113.73611983  92.45943807 449.93248529   5.01061649   1.00000000   0.01341809  -1.87563247 ];
xepi  = [ 13.81956316 119.38547309   2.14130544  -6.59759252 126.93232524 199.92552894 152.60905651   8.25881626   0.00001177   0.03019579  -0.80374246 ];
fendo =   0.66322180 
fmid  =   0.41102710 
fepi  =   0.37693309 
