xendo = [  8.80232710 115.65671964   2.75818849  -9.95274363  66.38193292 199.99895153 385.18888675   2.70339643   0.00159407   0.00612443  -2.07030114   0.04000000 ];
xmid  = [  3.60462984 101.64205855   1.87460458   0.00000000 107.89690245 101.91045407 449.75616913   4.37559292   0.00000000   0.01231948  -2.23727613   0.02682557 ];
xepi  = [ 13.95436233 111.78027055   2.66976176 -37.18285461  86.66592530 122.43291468 304.81911072   4.21246445   0.13488256   0.01614879   2.78070355   0.01976603 ];
fendo =   0.67196485 
fmid  =   0.41881329 
fepi  =   0.36571285 
