xendo = [  9.26495746 104.15237041   1.87626078 -13.99079703 147.59803592 199.99994371 256.18918466   2.64429686   0.00000097   0.00804754  -1.07612705 ];
xmid  = [  0.52871055 104.15236762   1.87460656  -0.00000004 128.86992920  67.89860371 449.99999977   4.32553563   0.00000005   0.01970690  -0.26456057 ];
xepi  = [ 10.82583175 143.82670977   2.05909490  -8.50587340 127.10417721 199.79970367 152.43706596   9.98987999   0.02396097   0.00742267  -2.74089867 ];
