xendo = [ 19.99999774  95.72901830  13.73639603  -8.56010829 127.99741107 136.43252644 188.65898122   2.32389483   0.00000027   0.12000971   8.95231020 ];
xmid  = [ 15.19435897 115.57934044   2.11822413 -17.83384732 152.21222812  92.94275552 254.95992720   1.81455290   0.00195084   0.00001415   7.18655025 ];
xepi  = [  4.15793940  97.12956267  16.96561831 -49.12911100  91.54577740  50.90616059 295.45822414   9.33629781   0.00296427   0.14189293   9.99700566 ];
