xendo = [  9.84075867 104.55783703   1.87460458 -12.42345882 146.82473641 200.00000000 256.90126866   3.54731026   1.00000000   0.01020816  -0.92082973 ];
xmid  = [  1.30449704 103.97650821   5.69233943   0.00000000 122.67473799  76.62578838 450.00000000   5.29455305   0.99999978   0.01586438  -1.18055990 ];
xepi  = [ 13.50748626 119.42363755   1.95770064  -5.92431292 126.46175165 199.99997464 153.15631003   7.86495240   1.00000000   0.02639282  -0.48061264 ];
