xendo = [  8.79002521  98.49470811   1.87460458 -18.19210262 144.16916800 199.98617232 258.09928600   2.46867138   0.00000000   0.00748217  -1.02845499 ];
xmid  = [  0.52766246 103.53679782   2.22685294  -0.26675874 120.18884016  85.00261682 449.84757246   4.82974944   0.00788634   0.01000000  -2.09468659 ];
xepi  = [  9.44833000 120.23788648   1.90145817  -9.30847699 127.22132342 199.81639289 152.22479476   9.16060309   0.06379910   0.00000000  -3.15551723 ];
