xendo = [  8.65620806  87.87691999   2.27700934 -25.20347676 146.31745782 199.96629005 255.81871015   2.10813448   0.00000000   0.00731251  -0.80022014 ];
xmid  = [  2.86161858 102.03943283   2.26227700   0.00000000 111.28615775  97.04269419 449.99993694   4.39760912   0.00000000   0.01236577  -2.15937170 ];
xepi  = [ 11.20531891 119.87295082   2.11350753  -8.44244363 127.15477394 199.78284664 152.36205160   8.85363031   0.00075012   0.01310553  -2.12031694 ];
fendo =   0.66730275 
fmid  =   0.41952203 
fepi  =   0.33156618 
