xendo = [ 36.13741865  78.91040389  30.56515408 -19.94890711 141.61379679  62.69098150 449.73965165  19.72995209   0.70056560   0.09999999   0.27826739  61.94856386 ];
xmid  = [ 16.06365468  86.57024480   4.76521390  -5.21404856 175.43923301 123.89551001 254.55324758  10.32151104   0.28488250   0.09999998  -2.20124463  65.53146898 ];
xepi  = [  7.33495434  82.00928094   4.52196067  13.92213260 170.26275623 111.54895153 246.70665909  17.57618280   0.66477524   0.09999999  -4.61547755  66.85237039 ];
