xendo = [ 19.99809966  87.56086210  40.62159144 -44.45225533 134.84340696  78.86785498 320.79759846   6.88271339   0.06907796   0.00000420   0.17584475 ];
xmid  = [  4.90741078  91.44820694  27.64039074 -14.90805488 161.27601784 115.07774008 214.36584912   9.40619485   0.07431260   0.00000001  -1.32910196 ];
xepi  = [ 16.25708245  88.01221665  11.82218189 -28.49098949 112.16611218 192.07596262 331.64666505   4.80407188   0.08959596   0.00000001  -2.14750949 ];
