xendo = [ 10.22482646  80.25632049   1.87460511  -1.58436842 175.43999989 153.86677063 112.72117619   5.71715902   0.00000018   0.09999996   0.83302032  64.99116476 ];
xmid  = [  2.79817828  82.21803178   1.87542956   5.11828010 175.20220469 135.94914937 178.75186373   9.93937595   0.00000122   0.04054684  -2.86450785  82.88928537 ];
xepi  = [ 10.22525422 118.85956930  10.69906569   2.84019323 142.56733117  77.16214549 447.75147242  16.57168607   0.13786100   0.00100007  -5.55909681  99.99999887 ];
