xendo = [ 19.90200042 106.31324464  45.73814937 -20.66780367 136.32432130 103.67020682 360.79802136   3.13301916   4.44605147   0.00000999   0.49297162 ];
xmid  = [  8.85394170  91.00724815  40.68038984 -32.98711822  50.53814233 190.41688569 103.15460421   9.92759768   6.85582586   0.00000918   0.62793770 ];
xepi  = [ 14.52259299  87.77963377  26.33206224 -43.37597789  50.74126852  64.59607054 129.20256815   9.97883754   9.83865393   0.00001000  -0.10748917 ];
