xendo = [ 12.86640643  97.69700529  40.71529699 -19.99999915  76.85643790  26.47137614 319.57696420   1.97802103   0.09933348   0.09999936   5.68291053 ];
xmid  = [  3.03769054  73.48240598  21.86325411  -8.04028537 102.69968731  53.84620037 287.26325877   7.63494078   0.22367474   0.04062116   0.63350526 ];
xepi  = [  1.14685356 108.73880166   4.82257028   2.38043938 167.46007080 173.69199158 211.72971072   7.46930751   0.20336500   0.01146744  -1.97564838 ];
fendo =   0.10505147 
fmid  =   0.07633530 
fepi  =   0.09625286 
