xendo = [ 19.99938975  80.65094806  33.80484243 -19.99872005  85.20668563  33.59681326 364.96632643   1.39691365   0.02021601   0.09999998   5.27452710 ];
xmid  = [  6.96943586  74.11025214  24.06090648  -1.61927584  91.37594593  37.72560985 295.92867256   9.19960966   0.10645834   0.09163584   3.68544202 ];
xepi  = [  0.50574733 108.75007633   4.56495841   3.57469504 166.97217037 174.03089469 211.99966414   9.99999998   0.11966291   0.01238502  -2.29081609 ];
