xendo = [ 19.97904088  82.33301865  30.33292955  -5.39529758  61.72515858  10.08677129 269.03344826   5.96002309   0.00216257   0.05317327   0.81982619 ];
xmid  = [  2.11338984  97.83135767  24.35042892 -14.15801430 108.44545023  93.51971698 265.84552399   3.39678148   0.00044487   0.05773620   1.66397008 ];
xepi  = [  0.94972195  80.82225055   5.37126615   3.38831864 154.13051067 118.70597643 185.67596360   9.08088011   0.00625053   0.09990649   4.12544576 ];
