xendo = [  8.81395679  96.42837837  44.19868900 -19.99941434 107.52030636 152.99248449 162.20510911   2.68402366   1.00000000   0.04705180   2.13034294 ];
xmid  = [ 14.91120360 107.66299345  15.20562565  10.42229116 134.89004867 136.73091395 108.61328416   8.35268060   1.00000000   0.10000000   3.57557054 ];
xepi  = [ 11.70408659 107.83314973  11.54985155  -6.64705729  72.85179001 192.38750407 272.35586521   3.19048748   1.00000000   0.02402267  -0.80025424 ];
fendo =   0.10287181 
fmid  =   0.13904612 
fepi  =   0.25103683 
