xendo = [ 17.62097178  93.67271466  32.84413204 -19.22749697  81.06954697  34.20549365 266.34912215   0.76890943   0.00039324   0.10000000   5.39614351 ];
xmid  = [ 10.70832487 100.29555532  12.58058800   7.81890732 110.05366248  56.28349148 230.63134179   8.03563934   1.00000000   0.09999991   3.47617245 ];
xepi  = [  8.52400109 102.66500147  10.87107459  19.81670473 162.04027574 150.37958817 194.32628901   9.02756014   0.99996353   0.09923674   1.93691921 ];
fendo =   0.13095074 
fmid  =   0.17770916 
fepi  =   0.30123414 
