xendo = [ 15.55607199  91.15980426  39.21880214 -20.00000000  67.54508386  52.97975646 365.27683344   2.20293146   1.00000000   0.03566257   0.33473016 ];
xmid  = [ 11.78285440 107.88217765  26.20679400 -19.99713780  72.83945561 188.54802561 261.23860639   3.19726158   0.99999982   0.01421030  -0.91990885 ];
xepi  = [  0.50277310  78.40601511  17.33530945 -18.37278626 128.59000779 186.82500848 344.95806405   3.39328215   0.95953889   0.00526628  -1.89696990 ];
fendo =   0.09282233 
fmid  =   0.09796304 
fepi  =   0.18990422 
