xendo = [  3.99796121  88.34817168  43.56794002 -47.49908326  75.43998765  50.00028941 121.65597662   3.77885248   0.00107537   0.09750608   6.20915529 ];
xmid  = [  2.59315641  96.99130869  45.02008280 -14.05473526  65.58553427  68.62360722 115.22988999   3.72761373   0.00546358   0.06471505   2.91150187 ];
xepi  = [  3.68309672  92.93481585  44.58569978 -29.71244507  71.12797557 140.96406212 133.32462796   3.39398779   0.00010460   0.04009503   1.83177103 ];
