xendo = [ 13.00433284 100.85535959  38.56291014 -14.96491413  91.80316212  42.96457439 362.66471704   0.73764982   0.00000000   0.09290194   4.73990690 ];
xmid  = [  6.99859558  73.90908786  23.85742787  -1.56158663  92.56020417  36.46618268 295.85742973   6.83924962   0.00230467   0.10000000   4.41541239 ];
xepi  = [  1.48678295  81.55178825  45.11033442 -17.03534787 161.58392082 146.78444980 381.25546155   3.50762426   0.17585787   0.09760873  -6.41577638 ];
fendo =   0.13068678 
fmid  =   0.19731816 
fepi  =   0.53945086 
