xendo = [ 19.99938975  80.65094806  33.80484243 -19.99872005  85.20668563  33.59681326 364.96632643   1.39691365   0.02021601   0.09999998   5.27452710 ];
xmid  = [  6.96943586  74.11025214  24.06090648  -1.61927584  91.37594593  37.72560985 295.92867256   9.19960966   0.10645834   0.09163584   3.68544202 ];
xepi  = [ 10.76375701 108.78318940   6.67217100   8.77010437 162.16712969 174.58870409 324.82890228   5.79189792   0.00306670   0.05828808   0.62094820 ];
fendo =   0.00000000 
fmid  =   0.00000000 
fepi  =   0.29757352 
