xendo = [ 19.99999293  81.23407289  34.81349276 -19.99884792  91.68926732  24.75527219 364.72305116   1.36172742   0.12300489   0.00010000   4.93208491 ];
xmid  = [ 10.01756064  77.75495133  24.45461683  -2.65733457  76.75810172  46.79552389 296.80452115   5.31526516   1.00000000   0.00010000  -2.96081949 ];
xepi  = [  0.85399131 108.74407036   4.73736994   4.38240307 167.13841780 173.89754095 211.91815673   5.95524590   1.00000000   0.00010000  -2.46739535 ];
