xendo = [ 19.13427378  80.67044518  33.91630033 -19.94853952  83.88193868  35.43841537 364.99158163   1.07863055   0.70869744   0.09987323   5.03404139 ];
xmid  = [  7.44895552  73.66414356  23.97823509   0.22600359  92.12326523  37.02654400 295.87825662   5.39267327   0.35006194   0.10000000   3.97807947 ];
xepi  = [  9.37360297 108.21237503   7.95655435  19.15275951 166.38455903 174.53256640 212.20232850   8.08766577   0.99863719   0.07836267   0.79294187 ];
