xendo = [ 19.99869610  80.86947119  34.65585360 -20.00000000  86.86965224  31.56084601 364.90410825   1.39214249   0.61136418   0.00000000   5.10728357 ];
xmid  = [  7.61159485  73.92410001  24.28103147  -1.96299755  87.94520396  40.78133672 296.11957322   9.99997681   0.31763209   0.00010000  -2.75627253 ];
xepi  = [  0.84333146 108.74069289   4.54456573   3.78353102 167.08964001 173.93952614 211.94112993   8.03893826   0.22098063   0.00010000  -2.89916746 ];
