xendo = [ 11.48690449  76.07939058   6.72226693 -19.02402011 160.52219404 117.79076327 190.73487485   5.13275744   0.90563068   0.09999998   5.02306415 ];
xmid  = [ 10.30189699  76.80757772  21.65350490  -5.29549596  51.13524878 167.86704571 104.72592198   5.07904593   0.00474273   0.07221225   2.52905370 ];
xepi  = [  6.32758642  85.56384308  23.80792003 -12.55564150  52.00134309  50.22714197 199.16438042   3.74621886   0.99998896   0.01037863  -1.03182896 ];
fendo =   0.13045699 
fmid  =   0.18947426 
fepi  =   0.20751180 
