xendo = [ 18.83670600  80.34159048  34.06805825 -19.79242555  82.44909793  37.52385892 365.01378233   0.58457017   0.02686571   0.09999495   5.57373250   0.02806532 ];
xmid  = [  7.66960273  73.37633702  23.50764996   0.69092834  92.19692407  37.02288682 295.86822778   5.05894591   0.07744458   0.09999996   6.10545823   0.01776102 ];
xepi  = [  3.49173426 107.63053998   5.75952975  16.61332578 166.08192921 174.78094675 212.40068014   5.94442795   0.04590583   0.07337104   2.45920554   0.03361138 ];
