xendo = [  9.90319372  87.91293402  39.81092809 -20.00000000 104.94765848  60.80585679 259.84994362   1.70669006   0.00000000   0.07917355   4.11485113 ];
xmid  = [  7.60670222 105.57816472  23.87879329 -18.01886005 104.49228299  53.01887515 305.53803530   4.58095487   0.06799388   0.10000000   6.03298788 ];
xepi  = [  7.09122167 107.58046870  27.37864754 -19.99998695 173.86291275 157.44830611 216.72457372  10.00000000   0.21231888   0.10000000   6.18891481 ];
fendo =   0.12963126 
fmid  =   0.17182815 
fepi  =   0.21578247 
