xendo = [ 12.57312894  90.85318724  25.40414775 -19.79703797 104.39308101  50.03125471 385.56402577   0.93455147   0.17054921   0.09827131  10.00000000   0.02550328 ];
xmid  = [  3.70795296  81.75378721  17.24289652   0.96915901  81.19212420  38.14718892 211.32635467   3.83424886   0.21252912   0.09788523  10.00000000   0.02525876 ];
xepi  = [ 15.37480586  94.25092851   4.58351720  12.67069531  63.33447280  39.35561059 205.39685490   5.19349546   0.10062604   0.09758963   5.37452684   0.01000000 ];
fendo =   0.12531332 
fmid  =   0.19057221 
fepi  =   0.32800074 
