xendo = [ 12.20888357  81.51744102   1.89776991  -7.99242112  50.45223517 199.00354268 295.01114837  19.88017295   0.43606398   0.09971639  -1.82527421  70.37422937 ];
xmid  = [  0.85866288  80.27018340   7.92487715   2.32655219  96.23953007  34.93612615 384.38096804  15.84687247   0.08194151   0.03825916  -3.81169579  99.99999999 ];
xepi  = [  1.04760936 120.29805360   1.93145585  20.34734032 175.43452711 102.30599802 315.48348221  27.35853045   0.22447123   0.00265376  -9.56624526  90.60707798 ];
