xendo = [ 13.70941262  82.94527028   3.56300613  -6.50476903 193.85208111 123.74221316 244.95288222   7.46377440   0.07865136   0.09157000   6.19408636   4.04020881  71.98880743 ];
xmid  = [ 25.42955787 111.27790123   3.34790042   0.84199021 106.14703915 136.13018678 346.79806357  22.66174175   0.79584572   0.08393916   3.31176157   6.67167430  60.46284779 ];
xepi  = [  5.68571182 114.65100025  17.00294360   7.76435706 189.41981135 119.66346708 335.29238741  35.87739744   1.00000000   0.01520536  -6.88967890   8.29109543  53.35698284 ];
