xendo = [ 11.49967996  94.96431192  40.27813520 -18.92297170 101.61479255 184.49242617 297.34648968   2.27461124   0.10109452   0.00640920  -1.46043821 ];
xmid  = [ 11.04361346  98.15462091  25.55992488  -0.68286613 164.70784248 171.09792502 167.46953426   6.98398070   1.00000000   0.02739147  -0.20031284 ];
xepi  = [  1.49060477  91.82855577   6.79529474  -8.79130691  71.20562643 150.54693170 345.71617623   3.78271663   0.00007093   0.09185670   3.81263750 ];
fendo =   0.32584089 
fmid  =   0.28504774 
fepi  =   0.55759410 
