xendo = [  9.46120259  91.27032000  14.52569240 -27.46890575  50.61374854 199.99995886 280.11640735   2.01497091   0.00001217   0.00881362  -1.19262400 ];
xmid  = [  2.08402145 104.17635706  40.32278187 -14.15150916  61.28992930  12.98445511 310.07037344   4.14335723   0.00063565   0.00019204  -1.86658781 ];
xepi  = [  1.49443503  92.12540966   6.82916498  -8.85825712  72.25126636 150.54263630 345.52985900   3.77609697   0.00031759   0.09220873   3.82138488 ];
fendo =   0.00000000 
fmid  =   0.89845345 
fepi  =   0.00000000 
