xendo = [ 13.27270892  93.17079938  39.10033059 -21.50357944  78.25390761 199.89624826 288.74413246   2.15724853   0.00000000   0.00646068  -1.41812622 ];
xmid  = [  3.32436705  89.27529674  38.57157235 -25.30655467  73.99875817 180.67361418 265.62221254   3.35940290   0.00798653   0.00342822  -1.71339739 ];
xepi  = [ 14.25116537  89.23614333  26.35746046 -35.82549756 168.08457347 189.28820953 294.80939294   6.94372952   0.17296594   0.01277001  -0.60581166 ];
fendo =   0.32596705 
fmid  =   0.25021690 
fepi  =   0.29692361 
