xendo = [  6.10491538 104.89758639  35.06356223 -26.83531600 150.82261765  74.24168344 365.92495799   6.04772610   0.00470170   0.01488930   0.75854858 ];
xmid  = [  3.90133752 106.58687858  38.48478271  -3.89007372 101.49398348  54.59095736 229.97119170   7.68845840   0.02149806   0.09999999   5.60992501 ];
xepi  = [ 14.10975002 111.51944125  29.03398877 -17.01160167 123.10707269  99.07293871 347.02927537   9.99999296   0.11885304   0.06484449   3.08581474 ];
