xendo = [ 14.16464193  87.56934954  38.33396694 -27.16417670  51.52276731 199.89428300 279.80888637   2.09601628   0.00000000   0.00672552  -1.27974278 ];
xmid  = [  3.11933838  90.57666345  23.44659695  -0.08704442 175.21510621 168.84317230 185.93350598   6.11570437   0.77280848   0.02206283  -0.52810388 ];
xepi  = [  1.63726316  90.23599238   9.64227032  -7.33654666  69.89740649 151.73090868 345.25189703   5.57261330   0.00113747   0.09020397   3.54384561 ];
fendo =   0.32552836 
fmid  =   2.14752813 
fepi  =   0.39914996 
