xendo = [ 12.53863414  89.00169337  40.20663370 -24.51481164  61.16453914 197.43262948 279.67125530   2.10726235   0.00000000   0.00641331  -1.33823761 ];
xmid  = [ 10.48119739 109.13641375  33.96278198  -0.36924558  94.71171311 150.28613241 197.56065674   4.45045401   0.00000068   0.01613604  -1.14007790 ];
xepi  = [  1.62841035  92.09997733   6.50815688  -6.97880950  71.44691334 145.44047897 346.77789590   4.76474755   0.02663592   0.09163973   3.83683003 ];
fendo =   0.32507413 
fmid  =   0.30821745 
fepi  =   0.46051658 
