xendo = [ 19.71771156  85.44552719  15.65019291 -27.22489476  50.75525352 199.99758307 280.15869432   2.32222201   0.02530436   0.01399880  -0.34768866   0.02080669 ];
xmid  = [ 14.50084981 100.90757163  34.16659915  -0.57888620 159.86800826 171.64649467 449.88672306   4.01291933   0.14360289   0.01985319   2.70100824   0.01000007 ];
xepi  = [  3.18586649  91.42918449   6.67239861  -8.44043014  72.26565454 150.72495913 345.77695388   3.86402781   0.00023430   0.08719678   3.40708445   0.01000000 ];
fendo =   0.23888929 
fmid  =   0.32278960 
fepi  =   0.53673965 
