xendo = [ 19.99501691  89.91683622  36.11272694 -12.76262617  50.44663319 198.25292429 273.36108823   2.73231340   0.39211953   0.00967464  -1.32924850 ];
xmid  = [ 13.47879504 127.39719225  22.55964529  -8.35422560 171.82273144 159.34179177 439.38785178   4.32452825   1.00000000   0.00685243  -1.64377780 ];
xepi  = [  3.61962554 109.93144608   9.11750118 -22.32640149  71.12070301 125.75365724 350.00878360   3.80936981   1.00000000   0.00000000  -2.35315463 ];
fendo =   0.32116566 
fmid  =   0.13746083 
fepi  =   0.19244816 
