xendo = [ 17.93012736  89.43809602  37.82504790 -27.79887482  51.22294664 199.92159673 280.02275428   2.03609175   0.32705516   0.00676209  -1.10212144 ];
xmid  = [ 15.36587568 106.01371979  19.83488452 -46.27365597  81.87599056 103.99352124 362.93941418   2.58018430   1.00000000   0.00344946  -1.22680381 ];
xepi  = [  0.50021481 120.22996010   4.86782847 -30.16117435 132.48692893 199.99689959 387.82826051   3.07675883   1.00000000   0.00085116  -1.95325377 ];
fendo =   0.32326996 
fmid  =   0.12987590 
fepi  =   0.22384370 
