xendo = [  9.46120259  91.27032000  14.52569240 -27.46890575  50.61374854 199.99995886 280.11640735   2.01497091   0.00001217   0.00881362  -1.19262400 ];
xmid  = [  3.40274900  91.26976553  23.55086922  -0.00000169 175.20853720 168.83722272 185.93582326   6.11570417   0.77280848   0.02206283  -0.52810118 ];
xepi  = [  1.49443503  92.12540966   6.82916498  -8.85825712  72.25126636 150.54263630 345.52985900   3.77609697   0.00031759   0.09220873   3.82138488 ];
