xendo = [ 13.22237641  88.57586789  39.73115034 -24.20937807  52.36806701 199.89700060 279.39264734   2.10923225   0.00000000   0.00686776  -1.30761197 ];
xmid  = [ 16.01402164 103.02413588  26.59967332  -0.00006185 100.05026648 162.43116725 156.51870985   6.05339036   1.00000000   0.02545362  -0.36873863 ];
xepi  = [  4.99045952  88.40388719   7.62224211  -9.06020772  72.26428188 150.42694203 343.46778387   3.94148116   1.00000000   0.08684257   3.75287871 ];
fendo =   0.32517902 
fmid  =   0.27871582 
fepi  =   0.30646083 
