xendo = [ 31.20495545  88.59641026  21.02415478 -18.64837275 142.02546419 108.78603033 165.23595842  10.56463836   0.11725543   0.00037260  -0.98585961 ];
xmid  = [  1.14542189 130.30170973   4.61103941  -5.22115574 173.54273799 125.70916094 211.39111478   9.95648620   0.06918041   0.00000000  -2.05864981 ];
xepi  = [  1.00866844 105.86762857  24.43087122   0.72202387  88.97078436  63.99329572 243.45251310   6.73155387   0.06794081   0.00000176  -2.80929061 ];
fendo =   0.20182836 
fmid  =   0.19716973 
fepi  =   0.26858257 
