xendo = [ 27.57613717  90.90682294  14.42195882 -12.02947359 126.51755709  80.81041823 144.00045169  13.61784772   0.24218917   0.00284663  -0.75479871 ];
xmid  = [ 24.16265094  92.79941167  17.34363933 -17.86625974 111.34408170 178.55305460 322.22047027  12.08290864   0.37067324   0.00000505  -3.06048331 ];
xepi  = [ 19.24361785  88.86046149  24.50963678 -19.75247166 136.53094405 160.12941378 200.94234079   9.21378171   0.17000000   0.00000212  -1.96174970 ];
