xendo = [ 34.20854034  95.18375495  18.94236372  -7.13013797 136.51467123 123.73245569 117.54239940   7.05737735   0.00830108   0.04339632   2.21726117   0.01000150 ];
xmid  = [ 31.77921985 130.43233578   6.07238163 -20.00000000 135.80319242 121.87137705 209.26723765   3.86540110   0.00000000   0.02241285   0.90014941   0.01000000 ];
xepi  = [ 17.01408982  87.88973869  32.73211884 -13.25760310 153.30332090 155.11808090 294.15850950   2.68608877   0.06345875   0.02664460   2.55391714   0.01318492 ];
fendo =   0.27529779 
fmid  =   0.37862782 
fepi  =   0.44428095 
