xendo = [ 38.73490470  97.97510933  36.47603461 -11.71758038  96.52286725  39.55146087 287.97549600  22.53079613   0.00490793   0.00000001   2.61015432 ];
xmid  = [ 13.42628137  92.54183764  43.28024067 -33.48616291 104.17566060 135.62148303 143.39516498  58.77172229   0.02018954   0.00000932   3.90479539 ];
xepi  = [ 37.20015217  90.37918885  38.65988986 -36.62298333 142.77429520 106.09574460 386.71810102  47.05305894   0.02719471   0.00000999  -1.92640161 ];
