xendo = [ 22.16977416  96.97316462  28.26707353 -19.96005399  60.57905241  33.29916029 449.99578676   3.34007974   0.99922680   0.00561262  -1.93367878 ];
xmid  = [  8.93309423 118.92746713  10.53669019 -20.00000000 107.77253655 192.32387423 239.71300824   4.01051305   1.00000000   0.00848442  -1.12959942 ];
xepi  = [  0.50138100  89.21315429  21.44172742 -14.88473375  98.50103474 151.68471944 165.46690419   4.40293845   1.00000000   0.00867439  -0.85905946 ];
fendo =   0.19150188 
fmid  =   0.25617885 
fepi  =   0.37544483 
