xendo = [ 26.39247038  89.59213420  13.03914689 -14.70629502 133.99801311 118.59707416 116.88029005  12.76120986   0.12263868   0.00000000  -1.47921180 ];
xmid  = [ 24.16265094  92.79941167  17.34363933 -17.86625974 111.34408170 178.55305460 322.22047027  12.08290864   0.37067324   0.00000505  -3.06048331 ];
xepi  = [ 19.24361785  88.86046149  24.50963678 -19.75247166 136.53094405 160.12941378 200.94234079   9.21378171   0.17000000   0.00000212  -1.96174970 ];
