xendo = [ 25.63889870  89.69872033  12.69000713 -13.52846673 138.87907036 114.24374261 113.63321341  16.46530094   0.00207285   0.00740316  -0.58020861 ];
xmid  = [ 15.76546588 107.12335487  13.99610984 -18.82361599 126.93592522 124.66904570 163.18258880   5.13868994   0.00021520   0.01620719   0.15004429 ];
xepi  = [ 20.94461126  89.35894682  26.75084751 -19.19726191 129.24877276 160.17002817 201.79588420   3.07118607   0.00000003   0.02715295   1.08179266 ];
fendo =   0.28021379 
fmid  =   0.37885392 
fepi  =   0.45203754 
