xendo = [ 38.07413693 101.19617919  29.58158658   2.40485260 127.21287741 112.71544415 226.30006309   4.09257404   1.00000000   0.02777053   0.63230615 ];
xmid  = [ 21.50713250 128.80988822  21.04597851 -20.00000000 118.66095916 178.98611897 211.40481584   3.32674860   1.00000000   0.01147092  -0.21370115 ];
xepi  = [ 11.15866979 104.43626017  13.70492444 -20.00000000  57.92883855 119.78774027 284.37258586   2.87801845   1.00000000   0.00614185  -1.40105948 ];
fendo =   0.25566623 
fmid  =   0.33140211 
fepi  =   0.37645913 
