xendo = [ 23.68781891 123.88702323  38.77500522 -13.18898869 120.82849365 146.23724349 214.26984898   2.96275678   1.00000000   0.01260419   0.28861756 ];
xmid  = [  9.55679349 129.94134023   6.10658356 -16.72991444 106.44336341 199.99850256 229.47334441   3.69403398   1.00000000   0.00787378  -1.01665497 ];
xepi  = [  1.94317710  99.54399114  15.43811135 -19.99999537 128.51173122 199.82355034 255.45908522   2.99960209   1.00000000   0.00721883  -0.77201424 ];
fendo =   0.24485417 
fmid  =   0.23647877 
fepi  =   0.25389202 
