xendo = [ 23.50098893  87.74193382  12.08775977 -16.25232714 117.52633537 104.82056178 108.65728552  12.58557573   0.05667353   0.03811205   2.25308162 ];
xmid  = [ 29.27489003 121.30140111  24.58356421 -17.45094753 153.36949966 147.27905212 210.64513282   4.30772578   0.01150263   0.02118169   1.15533687 ];
xepi  = [ 38.33061646 102.68206407  18.99198075  -9.40137652 102.64059482 104.69270487 417.87165251   7.72173987   0.08045123   0.06168990   2.75215370 ];
fendo =   0.32301038 
fmid  =   0.37581649 
fepi  =   0.58109841 
