xendo = [ 26.39247584  89.59212234  13.03915356 -14.70631294 133.99801878 118.59707074 116.88028525  12.76118570   0.12377268   0.00000102  -1.47942138 ];
xmid  = [  0.55304135 130.28084313   4.58080131  -3.88885551 175.44000000 123.46271288 210.85618571  10.80052116   0.07416923   0.00000000  -2.16795066 ];
xepi  = [ 19.24361817  88.86046100  24.50963694 -19.75247169 136.53094416 160.12941372 200.94234071   9.21377993   0.17002819   0.00000212  -1.96175215 ];
