xendo = [ 38.42888392 105.71313235  27.50509301  -0.80472520  61.59485266  52.66899368 242.38440862   4.12401623   1.00000000   0.01284060  -0.98807880 ];
xmid  = [  7.79160664 121.03741147  14.92725189 -20.00000000  76.72281347 196.68860819 236.07066444   4.25554875   1.00000000   0.00327199  -1.64569424 ];
xepi  = [  0.53000038 119.85819989  15.33032448 -20.00000000  90.06248542  94.32108291 447.60894620   3.42783072   0.99908707   0.00317807  -2.15601712 ];
fendo =   0.21988710 
fmid  =   0.15703886 
fepi  =   0.17240153 
