xendo = [ 19.99447113  87.57397534  34.15504539  -9.66378322  88.32264178  25.79708631 306.61169342   4.44211756   6.65909369   0.09837450   9.99996182 ];
xmid  = [  9.94781726 130.07316456  45.80456497 -23.84773528  50.46184836 120.32712677 105.33355843   6.33778506   0.19461057   0.03677771   4.05224637 ];
xepi  = [  7.60769170 114.71662900  45.80649096 -14.52960601  55.53149667 108.08495813 106.41179386   6.77949512   0.00000083   0.04948165   4.94602544 ];
