xendo = [ 38.27130152  94.51522760  17.69782632 -13.35981268 132.48203490  87.43778505 260.83799261   6.84095640   0.05592553   0.01637860  -1.57483627  84.50704503 ];
xmid  = [ 39.77803923 121.39447565  43.86788112  -8.37571820  81.04065871 137.29562222 278.92625522  15.72860681   0.18482534   0.00100154  -1.13711760  83.58210249 ];
xepi  = [ 12.61031396  87.54479971  23.59432541  -9.99916866 167.44877112 164.02993819 186.35688688  14.99051098   0.41051726   0.00104257  -2.43455010  99.98421714 ];
