xendo = [ 31.58583888  95.68889643  33.96761485 -10.95307701 143.46480964 157.15946901 176.74016711   5.24970656   0.13588586   0.09868941  -0.74102259  61.94857493 ];
xmid  = [  4.29015455  73.42001921  14.08326950   2.09059177  76.29732949  20.22151430 415.78360386  19.16157476   0.76749883   0.09999999  -3.56039673  64.28913180 ];
xepi  = [  0.58518869  73.53462666   4.56329778   2.77363933 109.69106974  66.29894028 256.94473975  11.50166895   0.56413736   0.07855366  -2.92121155  67.43979862 ];
