xendo = [ 14.75827000 105.73780000  28.40313000 -23.08657000 137.64240000  67.80576000 448.62790000   3.76422000   0.00011416   0.02609782   0.84867500 ];
xmid  = [  8.79305000 121.88830000   3.90869000 -18.83538000 175.44000000 142.97730000 214.03300000   7.22056500   0.00000033   0.04337662   1.62327500 ];
xepi  = [  2.75042387 106.19456487  10.96967804  -4.77004756  50.68087863 146.63768628 334.86694280   4.09845598   0.00022516   0.11394233   5.16154333 ];
