xendo = [ 39.18820349  95.08039458  33.15509516  -5.23300137  91.58477920  65.51741715 147.34865667   8.65244475   0.08034120   0.01140958  -0.85844043  50.15458476 ];
xmid  = [  0.54084462 128.19804962   6.24924794  -2.24970850 159.73469590  84.30439782 346.59720809  15.62211266   0.13925466   0.00100006  -2.66286355 100.00000000 ];
xepi  = [ 20.60019750  89.40695881  30.05471124 -16.62210138  72.17582858  71.73924659 199.38857139  16.00950163   0.59266171   0.09999999  -2.62928709  83.58209555 ];
