xendo = [ 32.60610701  94.88643853   9.15263389 -19.99991537 159.23613000 199.99999995 129.03599990   2.06407494   0.00000012   0.09999998  -0.30864758  71.97122227 ];
xmid  = [  6.74003830  94.86194267   3.62425031  -4.79573235 175.43952713 127.58017978 217.50028203   7.71634387   0.01742533   0.02156433  -1.36479785  50.00004898 ];
xepi  = [  1.55728734 142.28213032   3.71951102  18.33589038 146.97781689 103.45244646 164.44079747  25.89946377   0.11857023   0.00100003  -8.78416359  99.99999997 ];
